-0,683141510000000	0,419094570000000
-1,44898460000000	-0,0461410500000000
0,740445660000000	1,19537880000000
-0,103672430000000	-1,09464790000000
1,62144900000000	0,0563886590000000
1,97225350000000	1,41347650000000
0,811989950000000	0,708363180000000
-1,69000980000000	-0,0461301810000000
-0,509026440000000	-0,824410260000000
-1,55173900000000	0,378481320000000
-1,26013320000000	-1,00896500000000
-0,561689000000000	-1,01262620000000
-0,532388500000000	-1,16898730000000
-0,295238250000000	-1,27176800000000
-1,20755610000000	-0,854279890000000
1,58858280000000	-0,377986550000000
1,62736760000000	-0,430267680000000
0,579536870000000	1,16593990000000
-1,42291010000000	1,13429570000000
-0,761301390000000	-1,44168690000000
-1,64629200000000	-0,722535140000000
-1,32502740000000	-0,120152730000000
-1,01629160000000	0,618683300000000
-1,23370650000000	-1,14990280000000
0,378320210000000	0,986686730000000
-0,0142529570000000	1,54518710000000
-1,42343630000000	-0,616776230000000
-0,638456840000000	-1,01243410000000
-1,66596370000000	-0,875384680000000
0,0291168360000000	-1,11714860000000
-1,41659220000000	-0,326878520000000
1,14797680000000	-1,13702110000000
0,893498250000000	-0,326983820000000
0,321850930000000	1,68039330000000
1,39035240000000	-0,218399270000000
1,07183660000000	0,610262940000000
0,433630990000000	2,19408020000000
-0,348032370000000	0,118516960000000
-1,41037140000000	-0,855834910000000
-0,0242247960000000	-1,27957870000000
0,700930260000000	0,564242290000000
0,463550450000000	-0,791504050000000
1,30063300000000	0,739341790000000
0,407595280000000	0,0672860840000000
0,834437330000000	0,925174400000000
-1,27452230000000	0,183682400000000
-0,528025840000000	0,296378320000000
0,660145720000000	0,835030780000000
0,739229740000000	0,673346110000000
0,828819140000000	-0,304780440000000
0,133534040000000	-1,05892340000000
-1,57650550000000	-0,351742780000000
0,287208230000000	-0,516577560000000
0,194567320000000	-1,27418470000000
-0,269830220000000	0,0116825750000000
1,66355310000000	-0,384061920000000
0,0726520710000000	-1,46241280000000
1,12398060000000	0,293346910000000
-0,108738610000000	-1,24961880000000
1,21849840000000	-0,361429710000000
-0,961445720000000	-0,102022020000000
-0,533608410000000	-1,40364790000000
-0,355646530000000	-1,15973650000000
0,656491640000000	0,844196920000000
-0,806197740000000	0,941213600000000
2,44051920000000	1,37080990000000
-0,640008360000000	-0,237727620000000
-1,57020080000000	-0,772461030000000
-1,04229290000000	-1,07331630000000
0,872946040000000	-1,02871940000000
0,295408210000000	-1,36386680000000
0,126351140000000	-1,08026670000000
0,244647780000000	-0,680737130000000
-0,716796290000000	-1,02647420000000
-0,865518660000000	0,751150990000000
-1,09487410000000	1,39353110000000
-0,254435160000000	0,403191060000000
-1,74981080000000	0,317687740000000
0,741566820000000	0,743567960000000
-0,647096540000000	-1,21854300000000
-0,226109200000000	-1,45389670000000
0,275991830000000	0,397404030000000
0,925708530000000	-1,17155170000000
-1,07295260000000	-0,0170279490000000
0,550688110000000	0,921441880000000
-1,28566320000000	-0,754473400000000
0,340275820000000	-1,34387770000000
-0,466193740000000	-0,850709790000000
0,303555870000000	-0,00393111690000000
0,893280310000000	0,344731250000000
0,920594050000000	1,11859570000000
1,18938760000000	-1,33723440000000
-2,16909770000000	-0,522899990000000
0,324445830000000	1,68261960000000
-0,642537610000000	1,68460960000000
1,30596440000000	-0,565796750000000
1,02265800000000	-0,728418400000000
-0,421641360000000	-0,240897630000000
-0,703636620000000	0,709832700000000
1,17639910000000	0,506520940000000
-1,52950010000000	0,257377660000000
-0,934396910000000	-1,58061130000000
1,18323930000000	-0,788873940000000
0,781087360000000	0,415303390000000
-1,56496210000000	-0,171895870000000
0,268739380000000	0,605300370000000
0,674537790000000	0,666737200000000
-1,17794060000000	1,16983480000000
-0,958662940000000	0,410444060000000
-1,75979850000000	-1,33213540000000
0,820196630000000	-0,514300700000000
1,43726400000000	-1,72781350000000
-1,06660460000000	-0,456242470000000
0,839036060000000	-0,0818963390000000
0,759036650000000	0,0328009470000000
0,626926450000000	0,124955090000000
-1,06343270000000	0,496332920000000
-1,80555090000000	0,0757911050000000
0,0428137030000000	-1,04297250000000
-1,07984860000000	0,988729860000000
-1,11666760000000	0,576486930000000
1,80106070000000	-0,811126550000000
-0,843721200000000	0,370782440000000
-0,371959720000000	1,54177000000000
1,80678160000000	-0,550679080000000
1,70975310000000	-0,0439777530000000
0,197670220000000	-1,41163030000000
0,637112540000000	1,54563710000000
-1,68014870000000	-0,528373720000000
-1,51101800000000	-0,196431730000000
0,487011030000000	1,45399450000000
-0,301338070000000	1,69453020000000
0,724126180000000	-0,574049640000000
-0,973496420000000	-0,0469726100000000
0,974369340000000	-1,32489450000000
0,0966789850000000	-1,40471830000000
-0,612160740000000	-1,41756840000000
1,24898270000000	-1,37614650000000
0,466276740000000	0,281084230000000
-0,0252702240000000	0,0741704420000000
-1,93257680000000	-0,920413960000000
0,551953150000000	-0,199041240000000
1,34884930000000	-0,461488100000000
0,731000080000000	1,74054240000000
0,397367000000000	0,512642800000000
1,05144900000000	-0,723217860000000
-1,94211270000000	-0,761221500000000
0,377023930000000	1,72247850000000
0,604366840000000	0,374100250000000
1,34776120000000	0,676717610000000
1,32557920000000	-0,486032540000000
1,01470730000000	-1,05358620000000
1,78615910000000	-0,101555500000000
-1,13392190000000	-1,08124640000000
0,329274810000000	0,605961960000000
0,986659430000000	0,258196800000000
0,550484240000000	0,857041520000000
1,33594420000000	0,274109620000000
-0,212431790000000	-1,18014180000000
0,112058120000000	0,238298560000000
0,769035710000000	0,854672040000000
0,883255370000000	-1,00357120000000
2,57328520000000	0,988667530000000
0,154370860000000	-0,652781060000000
0,776677030000000	0,312398680000000
-0,509312500000000	-0,932187250000000
0,749636180000000	1,91913080000000
0,510546860000000	-0,772917760000000
0,0533237180000000	-1,01835000000000
0,121015750000000	-1,29976320000000
1,22021730000000	-0,105632280000000
0,525570960000000	1,47524950000000
1,12199840000000	0,821529970000000
1,01466070000000	1,20829820000000
-0,843101180000000	-1,14228200000000
-1,01077220000000	-1,23311640000000
0,299808630000000	-1,17894790000000
-0,894954600000000	-1,06669160000000
0,947670910000000	0,985104770000000
1,06061880000000	-0,232146950000000
-1,94783300000000	0,614194480000000
-1,52257710000000	-0,740146510000000
-1,41910790000000	-0,0746931620000000
1,46254740000000	-0,416699710000000
2,42964740000000	0,868853480000000
0,569103990000000	0,481108080000000
-0,105584490000000	-0,315792050000000
-1,44029300000000	-0,358415140000000
0,167782270000000	0,345375780000000
0,158574850000000	1,50818850000000
1,46940150000000	-0,312333770000000
-0,823506620000000	1,10092680000000
-0,752560180000000	-1,07671810000000
0,831961800000000	0,441898990000000
-1,80755060000000	-0,487686750000000
0,371425940000000	-0,588632920000000
-0,410549530000000	-1,40730240000000
0,486480100000000	0,990828650000000
0,833141790000000	-0,592621900000000
0,350247900000000	0,888933880000000
-0,372226470000000	-1,10748180000000
-0,535825930000000	-0,813981830000000
-0,639420110000000	0,521921960000000
0,720142980000000	0,989012950000000
-0,135679720000000	-1,41477730000000
-2,18116890000000	-1,87673740000000
-0,0145100740000000	-1,15176310000000
-0,472137440000000	-1,15751580000000
0,442626090000000	1,54327680000000
1,17920660000000	0,766106490000000
-0,491420850000000	-1,55221390000000
-0,279376880000000	-1,06203890000000
0,426104320000000	0,193812940000000
0,633349570000000	0,901444730000000
0,876601660000000	0,160649440000000
1,67472840000000	-0,978100900000000
-0,274913790000000	-1,60352620000000
1,15630790000000	0,0488591530000000
1,55925990000000	-0,367282760000000
-0,715006040000000	-0,968981180000000
-1,59550530000000	-1,43527190000000
-0,0977761670000000	-0,423606090000000
-1,00736130000000	-0,396832310000000
-0,250921980000000	0,326737820000000
-0,0618316540000000	0,357540500000000
-0,405160440000000	-1,25301350000000
1,23519240000000	0,907883710000000
-0,899136340000000	0,0621105210000000
-0,117091650000000	1,46783060000000
-0,591004650000000	-1,07817200000000
-0,0676832730000000	-0,393872900000000
-0,107240440000000	-1,49899310000000
1,32616260000000	-0,0673056580000000
0,183754870000000	1,69954130000000
0,494998550000000	1,54341970000000
-0,404756320000000	-1,08979590000000
-1,77427210000000	1,01478830000000
-0,784230580000000	1,80624830000000
0,404961770000000	-1,20034710000000
1,45445400000000	1,33295400000000
1,32887720000000	1,50764840000000
-0,711486340000000	-1,12952870000000
0,569187530000000	-0,858140580000000
-1,54235550000000	-0,643350560000000
1,71456310000000	-0,288822550000000
0,0489146010000000	-1,36429940000000
0,526931390000000	1,18404680000000
0,311165160000000	1,76292780000000
-1,15377570000000	0,587366020000000
-0,454792970000000	0,494122680000000
-0,911795250000000	1,34044710000000
-0,747615210000000	-0,570112700000000
1,38780560000000	0,0609095270000000
1,54839360000000	-0,648619900000000
-0,672137250000000	0,682877660000000
-0,766722590000000	-1,29767130000000
-0,261814790000000	1,28126970000000
-0,186947760000000	-1,38255170000000
1,28228630000000	-0,235842430000000
-0,109236790000000	-1,31959990000000
0,557915130000000	-1,06414390000000
-0,346652800000000	-1,12790830000000
-0,172328660000000	-0,676180880000000
-1,14435520000000	0,304236990000000
-0,499380040000000	-0,857690170000000
-0,528682770000000	-1,02444300000000
0,250404100000000	0,465997690000000
0,954669980000000	-0,0157867180000000
-0,419244730000000	1,40398190000000
-0,268535770000000	0,960909120000000
-2,06195170000000	-1,23008470000000
0,384347300000000	2,15440670000000
1,44165400000000	0,898289010000000
1,95395170000000	-1,02415410000000
0,0586312150000000	-0,133285770000000
0,108519400000000	1,65195150000000
1,06351740000000	-0,690138660000000
0,0316729540000000	-0,820631070000000
0,767784380000000	-1,24860520000000
1,67641510000000	0,112724530000000
-1,75158960000000	-1,92039050000000
-1,81126470000000	-1,21115720000000
-1,84132070000000	-0,958126240000000
0,133028590000000	2,04201900000000
-0,329340170000000	-0,954854030000000
-1,97675080000000	-0,879829040000000
-1,38318270000000	0,0973107400000000
-1,82704360000000	0,378567770000000
1,00287570000000	-0,0897095200000000
-0,0907546560000000	-0,846391320000000
-1,36203570000000	0,975560020000000
-0,143900920000000	1,67818650000000
-0,0655576370000000	-1,57355360000000
0,407439800000000	1,66808000000000
-1,42747840000000	0,0910534070000000
1,37541380000000	-1,74319910000000
-1,87100400000000	-0,451348160000000
1,06354530000000	0,629063160000000
-1,79408550000000	-0,953916060000000
2,20330970000000	1,13905470000000
-0,473031930000000	-1,54867900000000
-1,76961510000000	-0,592144030000000
-0,900780840000000	-1,55928030000000
-0,974556600000000	-0,182421250000000
0,184606440000000	0,617492730000000
0,205107640000000	-0,470565820000000
-0,326105510000000	0,0768761070000000
0,547838150000000	-0,958633820000000
0,733432690000000	0,926245570000000
-1,37449190000000	-0,204956430000000
-1,51496000000000	-0,768984820000000
-1,06118050000000	0,917275380000000
-1,15156600000000	0,770884640000000
-0,616720920000000	-0,791593750000000
-0,399135100000000	1,30364620000000
1,71438650000000	1,10113860000000
0,00853812400000000	1,30950130000000
-0,658105050000000	0,554481140000000
1,16751570000000	1,36632710000000
-1,44887350000000	-0,700793610000000
-0,447415970000000	-1,00446280000000
-0,687179800000000	-0,457711390000000
-0,866847860000000	0,213958340000000
-0,0418259640000000	-1,02492580000000
-1,53517320000000	0,562292950000000
1,24750620000000	-1,25325260000000
0,685971670000000	1,20157820000000
-0,874473550000000	0,719211080000000
1,62153130000000	1,18966170000000
1,46586890000000	-1,29411350000000
1,16379410000000	-1,24265740000000
0,135576410000000	1,46077950000000
-1,06336420000000	0,817256530000000
-0,0159527870000000	-0,447513550000000
-0,998778490000000	0,905799850000000
0,713964970000000	-1,19332160000000
-0,258356730000000	-1,05817640000000
0,533692950000000	-0,763200110000000
0,727934600000000	0,752014330000000
-2,76784890000000	0,0962172590000000
-1,19174460000000	1,22713650000000
0,834171030000000	-0,583733390000000
0,650730820000000	-1,08135850000000
-0,147839230000000	-1,37094370000000
-0,623829850000000	1,75153640000000
1,73432500000000	0,979329910000000
1,24285710000000	0,554452480000000
1,54690200000000	1,10251300000000
-0,253915120000000	-1,26797130000000
0,980723560000000	-0,0571650640000000
0,655383360000000	1,72003030000000
0,399192260000000	-0,593898480000000
-1,53330680000000	1,20500600000000
-0,902692730000000	-0,987733870000000
-1,55371760000000	0,587850890000000
-0,450263900000000	-1,58937190000000
0,240348890000000	-1,13753850000000
0,244245430000000	1,83663450000000
-0,628290840000000	0,601300070000000
1,74145680000000	0,963714480000000
1,15980680000000	0,702625370000000
-1,14571730000000	-0,561703770000000
0,762319110000000	-0,333591880000000
1,02182930000000	0,975798130000000
0,713465460000000	1,01882040000000
-0,546603930000000	-1,31452930000000
0,440203300000000	-0,935843710000000
1,01245720000000	-0,204806070000000
0,759782420000000	-1,16198980000000
0,0153769990000000	-1,40589960000000
-0,858847690000000	0,885348950000000
0,387159080000000	1,58966180000000
-2,14302570000000	-0,475792020000000
-0,538462370000000	-1,15025510000000
-0,839874750000000	-1,16269000000000
-1,70171570000000	-0,569090800000000
0,521682770000000	1,35595930000000
-0,0214919790000000	0,703547770000000
-1,18865940000000	-1,14304880000000
1,14716720000000	1,68312130000000
0,310206780000000	0,569862810000000
-0,327054050000000	0,611586320000000
-0,717376860000000	1,00475750000000
-0,460717910000000	0,342700860000000
-2,04073760000000	0,401232020000000
-0,546317630000000	0,442284090000000
-0,758345740000000	0,793568250000000
-0,644725680000000	-0,238040190000000
0,802452630000000	0,132692420000000
-0,382508860000000	-1,25813290000000
0,169060790000000	1,86342120000000
1,22717520000000	-0,146051320000000
1,25640320000000	-2,38593730000000
-1,18952180000000	-1,00457430000000
0,0809019550000000	1,92673310000000
-0,756827620000000	0,298392990000000
-0,666574340000000	-0,895343250000000
0,617171860000000	1,34368070000000
1,26256990000000	-0,553115320000000
-0,169330640000000	-0,135196460000000
0,965680030000000	-0,198646260000000
0,837593990000000	1,49998160000000
-0,0510016460000000	-0,972039610000000
2,07333800000000	1,21256560000000
0,343569260000000	1,38339360000000
0,220766730000000	0,945695190000000
-0,607256550000000	-0,894365290000000
-0,450822000000000	-1,33559180000000
0,783637930000000	1,38799820000000
0,450765050000000	-1,23497460000000
-1,50989560000000	0,481419820000000
-1,94544600000000	-0,159637670000000
-0,196632170000000	0,544184530000000
-0,854523340000000	-1,05130130000000
1,26543760000000	-0,684583900000000
-0,197864660000000	-0,535994800000000
-0,922182220000000	0,533388080000000
0,388050420000000	-0,0851175660000000
-1,03473290000000	-0,858384690000000
-1,60204050000000	-1,31922520000000
-0,664642990000000	1,22758490000000
1,13843050000000	-1,57264060000000
-0,0614736290000000	0,298634800000000
0,462944420000000	0,497989550000000
1,42691650000000	-0,816327890000000
0,298788640000000	1,51898920000000
0,0114047670000000	-1,45619530000000
0,335396330000000	-0,483353050000000
0,183833100000000	0,558255850000000
1,07589850000000	0,838850280000000
-0,865050340000000	1,59548410000000
-0,386367280000000	1,50252210000000
1,01260270000000	-0,934643350000000
0,545790040000000	-0,195489130000000
1,05075360000000	-0,466625730000000
1,57402600000000	-0,565524150000000
0,210504750000000	-1,27767040000000
-0,837818010000000	-1,16608490000000
0,677375530000000	0,107905060000000
1,37656870000000	0,583136730000000
-1,93934800000000	-0,272720060000000
-0,0221612280000000	-0,202499430000000
-0,760355450000000	-0,861721410000000
0,264930900000000	-0,374952220000000
2,03251350000000	1,32229390000000
0,145218550000000	-0,626319550000000
1,07701150000000	1,42353960000000
1,21772000000000	0,423422470000000
-0,663982500000000	1,18303570000000
-1,24453340000000	1,13723950000000
-0,750718920000000	-1,37059780000000
-1,07136490000000	-0,616087190000000
-1,11324640000000	0,439205690000000
-1,08333130000000	-0,0593905140000000
1,23844060000000	0,789652710000000
-1,66738520000000	-1,73217820000000
-0,971863160000000	-1,07788260000000
-1,05456340000000	0,719710200000000
-0,0956761480000000	-1,05501320000000
0,774008150000000	-1,22042660000000
-0,315113790000000	-1,30034810000000
-0,972269570000000	0,473127110000000
-0,598262470000000	-1,35143930000000
-0,102917060000000	-1,71406360000000
0,0980725300000000	0,464575960000000
0,784865670000000	0,158399830000000
0,496868310000000	-0,671134890000000
-0,0480306470000000	-1,06392170000000
0,452422230000000	1,94717760000000
0,877687460000000	-0,856033620000000
1,37681380000000	0,748528500000000
-0,453325230000000	-0,0736611580000000
2,32699140000000	1,20590950000000
-1,19002870000000	-1,02729440000000
-1,76638450000000	-0,922895190000000
-1,98348530000000	-0,655474820000000
1,28077450000000	-0,175890580000000
-0,756199770000000	-0,678916050000000
-1,09620640000000	1,16335590000000
1,21877120000000	-1,57720430000000
0,144632150000000	-0,414687080000000
0,0558232850000000	1,87513190000000
-0,753543690000000	1,10488040000000
-0,473010140000000	-0,749409800000000
0,926246490000000	0,972216770000000
-0,0852508340000000	-1,12085620000000
-0,313981620000000	-0,984408740000000
-0,496039340000000	1,40634290000000
-0,628557130000000	-0,117619940000000
-0,0582968310000000	-1,15173250000000
-1,31069880000000	-1,10785370000000
-0,316061620000000	0,177275810000000
-0,465964390000000	0,145088790000000
0,390122360000000	-1,20294700000000
0,661027300000000	1,69353210000000
2,17739210000000	1,12751140000000
-1,31275080000000	0,239285780000000
0,811182820000000	-1,64768750000000
-2,06277930000000	-0,331709900000000
-1,33042890000000	-0,392026620000000